5000 0.000748191 0.000217474 0.000634934 8.64176e-05 
10000 0.00124217 0.000294359 0.00112959 0.000168317 
15000 0.00169082 0.000382633 0.00155964 0.000265143 
20000 0.00211096 0.00045868 0.00199394 0.000352997 
25000 0.00252514 0.000533071 0.00240806 0.000431707 
30000 0.00293421 0.000601908 0.00282087 0.00050777 
35000 0.00336223 0.000681866 0.00324517 0.000599447 
40000 0.00382135 0.000773604 0.0036767 0.000690795 
45000 0.0042217 0.000844935 0.0040766 0.000766976 
50000 0.00461044 0.000910564 0.00445218 0.000841867 
